# Created by Octave 5.2.0, Sun May 30 22:13:58 2021 GMT <unknown@LAPTOP-S3PJ4501>
# name: glcm
# type: matrix
# rows: 16
# columns: 16
 69 33 20 12 11 5 1 1 2 1 0 0 0 1 0 1
 34 8 6 3 3 0 0 0 0 0 0 0 1 0 0 0
 19 3 2 1 1 3 1 0 0 1 0 0 0 0 0 0
 12 3 0 2 0 1 0 0 0 0 0 0 0 0 0 0
 10 3 1 1 1 1 0 0 0 0 0 0 0 0 0 0
 7 2 1 0 0 0 0 0 1 0 0 0 0 0 0 0
 1 0 0 0 0 0 0 0 0 0 0 0 0 0 0 0
 0 0 0 0 0 0 0 0 0 0 0 0 1 0 1 0
 1 0 0 0 0 0 0 0 0 0 1 0 1 1 0 1
 0 0 0 0 0 0 0 0 0 0 0 0 0 1 2 1
 0 0 0 0 0 0 0 0 0 2 1 1 0 0 1 0
 0 0 0 0 0 0 0 1 0 0 1 0 1 0 0 0
 0 0 0 0 0 0 0 0 1 1 0 3 2 2 2 2
 0 0 0 0 1 1 1 0 2 1 2 0 0 1 1 1
 0 0 0 0 0 1 0 0 1 0 2 3 1 4 2 2
 0 0 0 0 0 1 1 1 1 1 2 1 3 3 4 1


