# Created by Octave 5.2.0, Sat Jul 03 23:45:12 2021 GMT <unknown@LAPTOP-S3PJ4501>
# name: glcm
# type: matrix
# rows: 16
# columns: 16
 1 0.32407407407407407 0.31481481481481483 0.3888888888888889 0.16666666666666666 0.18518518518518517 0.1388888888888889 0.12037037037037036 0.14814814814814814 0.19444444444444445 0.1111111111111111 0.10185185185185185 0.07407407407407407 0.064814814814814811 0.10185185185185185 0.12962962962962962
 0.30555555555555558 0.12037037037037036 0.10185185185185185 0.12962962962962962 0.092592592592592587 0.055555555555555552 0.1111111111111111 0.10185185185185185 0.10185185185185185 0.064814814814814811 0.1111111111111111 0.046296296296296294 0.083333333333333329 0.083333333333333329 0.027777777777777776 0.037037037037037035
 0.24074074074074073 0.14814814814814814 0.20370370370370369 0.15740740740740741 0.07407407407407407 0.14814814814814814 0.10185185185185185 0.07407407407407407 0.092592592592592587 0.12962962962962962 0.12037037037037036 0.07407407407407407 0.12962962962962962 0.092592592592592587 0.083333333333333329 0.1111111111111111
 0.30555555555555558 0.14814814814814814 0.055555555555555552 0.092592592592592587 0.083333333333333329 0.10185185185185185 0.1388888888888889 0.10185185185185185 0.064814814814814811 0.037037037037037035 0.10185185185185185 0.12037037037037036 0.18518518518518517 0.07407407407407407 0.092592592592592587 0.1111111111111111
 0.17592592592592593 0.083333333333333329 0.10185185185185185 0.1388888888888889 0.12037037037037036 0.07407407407407407 0.046296296296296294 0.10185185185185185 0.046296296296296294 0.10185185185185185 0.12962962962962962 0.083333333333333329 0.07407407407407407 0.055555555555555552 0.083333333333333329 0.064814814814814811
 0.17592592592592593 0.092592592592592587 0.083333333333333329 0.083333333333333329 0.092592592592592587 0.1388888888888889 0.083333333333333329 0.1111111111111111 0.1388888888888889 0.1111111111111111 0.12962962962962962 0.17592592592592593 0.064814814814814811 0.037037037037037035 0.12962962962962962 0.12962962962962962
 0.17592592592592593 0.055555555555555552 0.064814814814814811 0.055555555555555552 0.092592592592592587 0.055555555555555552 0.1111111111111111 0.1111111111111111 0.055555555555555552 0.07407407407407407 0.07407407407407407 0.1111111111111111 0.12037037037037036 0.12037037037037036 0.07407407407407407 0.07407407407407407
 0.20370370370370369 0.092592592592592587 0.17592592592592593 0.07407407407407407 0.092592592592592587 0.14814814814814814 0.092592592592592587 0.07407407407407407 0.064814814814814811 0.055555555555555552 0.07407407407407407 0.055555555555555552 0.12962962962962962 0.10185185185185185 0.07407407407407407 0.092592592592592587
 0.18518518518518517 0.055555555555555552 0.083333333333333329 0.12037037037037036 0.10185185185185185 0.1388888888888889 0.083333333333333329 0.092592592592592587 0.055555555555555552 0.046296296296296294 0.046296296296296294 0.10185185185185185 0.083333333333333329 0.083333333333333329 0.07407407407407407 0.10185185185185185
 0.092592592592592587 0.055555555555555552 0.07407407407407407 0.14814814814814814 0.083333333333333329 0.1111111111111111 0.064814814814814811 0.055555555555555552 0.1111111111111111 0.092592592592592587 0.07407407407407407 0.1388888888888889 0.1388888888888889 0.046296296296296294 0.046296296296296294 0.083333333333333329
 0.20370370370370369 0.1111111111111111 0.083333333333333329 0.1111111111111111 0.092592592592592587 0.092592592592592587 0.12962962962962962 0.055555555555555552 0.083333333333333329 0.037037037037037035 0.055555555555555552 0.046296296296296294 0.12037037037037036 0.055555555555555552 0.018518518518518517 0.064814814814814811
 0.14814814814814814 0.064814814814814811 0.07407407407407407 0.092592592592592587 0.1111111111111111 0.12962962962962962 0.10185185185185185 0.07407407407407407 0.10185185185185185 0.027777777777777776 0.083333333333333329 0.046296296296296294 0.064814814814814811 0.064814814814814811 0.064814814814814811 0.092592592592592587
 0.12037037037037036 0.055555555555555552 0.1111111111111111 0.083333333333333329 0.10185185185185185 0.064814814814814811 0.10185185185185185 0.1111111111111111 0.083333333333333329 0.1111111111111111 0.07407407407407407 0.07407407407407407 0.092592592592592587 0.083333333333333329 0.12962962962962962 0.092592592592592587
 0.14814814814814814 0.046296296296296294 0.083333333333333329 0.12037037037037036 0.1111111111111111 0.10185185185185185 0.055555555555555552 0.1111111111111111 0.083333333333333329 0.092592592592592587 0.046296296296296294 0.092592592592592587 0.055555555555555552 0.07407407407407407 0.092592592592592587 0.083333333333333329
 0.1388888888888889 0.064814814814814811 0.10185185185185185 0.12037037037037036 0.07407407407407407 0.064814814814814811 0.07407407407407407 0.083333333333333329 0.037037037037037035 0.083333333333333329 0.083333333333333329 0.064814814814814811 0.1111111111111111 0.046296296296296294 0.10185185185185185 0.083333333333333329
 0.15740740740740741 0.1111111111111111 0.10185185185185185 0.046296296296296294 0.12037037037037036 0.092592592592592587 0.092592592592592587 0.046296296296296294 0.027777777777777776 0.10185185185185185 0.046296296296296294 0.055555555555555552 0.055555555555555552 0.07407407407407407 0.1111111111111111 0.027777777777777776


